%% Problem 1
%matrix for cubic Spline

%% CODE
A=[1 0 0 0 0 0; ...
   1 2*(1.5) .5 0 0 0; ...
   0 0.5 2 .5 0 0; ...
   0 0 .5 2*(1.5) 1 0; ...
   0 0 0 1 4 1; ...
   0 0 0 0 0 1];
b=[0; 0; -6; -24; 15; 0];

c=A\b
   