%% Problem 7 15.8
%Multiple Linear Regression
%comput coefficients, standard error, correlation coeff

%% CODE
x1=[0 1 1 2 2 3 3 4 4];
x2=[0 1 2 1 2 1 2 1 2];
y=[15.1 17.9 12.7 25.6 20.5 35.1 29.7 45.4 40.2];
